11111. 10 111118. i. 10. 1001*

01111111.11111111111.1111111111111.1111111111111111. (00111110) 1111-
1111111. 782.

Aventicensiu: 1)1111.101. 11)0111.1010111110.1111111011111 100011010111111-
1111, 1) 1111100101. d) 1111110111 001. 811101111111111111111111110111101 111110.
ii Avenciee. 1101111700. 10. 11910. sqq.

1111110110 001. [0111111101] (1101111) 011111 10,1. = 010111011111111.
mlii.

11110101. ..1111111111(110111)01111110,ἱ1.Ξ 010111111118.

111101111101111. 01111. 11. 11175.

1111011111.(11101111.) 011111111119.

00111111.110011101111.11111111111111010011.1111111111111.1111010.
1111111111111101111110.1111111101110110. 01111101. = 010113899.
1101114402. .-..- 0111113900.

111111111111111111 (Beneventi) 0011113315. 01. 1111113319.

1111111111.1110011011111111111110.(81111110)91110110101110311111111.
111201113917. = 0111113898.

01111111011111111111. Marini p. 781. n. ΙΧ.

11111111101111110. (1111101111) 01111489, 5.

0111,111111110110111111011(111 10310110111.).11111111019,8.,0011111111101.

111111. 1111, 101. 1111111111. 11. 11111010. (Verulis 10111110) 11111111 101, 7.,
01112081, 00111310311801.

111111111011111111.11111111 11311111

11111.11110.101111.011.11.1111. 11011110. (Brixiae) 111111101001111111111-
11111112011109115011113898.1101113580.

01111 1001001111111.111111.110.1111.11.1.101111.(11011.) 0111401,3.,0111
111101).

(Corae). 111111101111.11100101111111111.Ε1111101.111111481,0.

1111.[0111.]11.1.[101011111111100111] (1101111111 81111111)01111188,1.

111111111111111.1111111111111111111011111.(11011.)1111113911

11111111.11111111...) (11011.)11111111111.779.

011 101.10111110111.(1111110)1101113003.111001111111111.

1111010 1101111011 11111111111 1010001111.(011111.)11111111017,1. 1

111. 11111. 1011001. 11111. 10111111. 1111011. 0110111111. 1110111. (Arimini) ἶ
1111110912. r

(10 agio Foroiuliensi) 111111.11.111101.1111101 11101111.

111110111111111111.(91111111101111111)111111111071,111001.

0111111110110111111.11111111111111. 11111111. 1111111111 15, 0. = 00111
3118. “

11111111.1.111101111111.(111110111, 1110 1101111110) 0101311110 1111111. ἰ

1

 

